s.G18	s.G19	s.G20	index	stat	p.value
OTU1292	1	0	0	1	0.909904248737488	0.001
OTU1055	1	0	0	1	0.876376595244314	0.001
OTU401	0	0	1	3	0.73936307577618	0.001
OTU259	0	0	1	3	0.707664894419976	0.001
OTU2532	0	1	0	2	0.627251352416409	0.001
OTU2575	1	0	0	1	0.940872834832995	0.001
OTU2396	0	1	0	2	0.694567770590004	0.001
OTU764	1	0	0	1	0.776845321045377	0.001
OTU2288	1	0	0	1	0.627530874616991	0.001
OTU1131	1	0	0	1	0.476058832342291	0.001
OTU468	1	0	0	1	0.458160748369443	0.003
OTU1154	1	0	0	1	0.536799996080893	0.001
OTU2251	1	0	0	1	0.557935263254079	0.001
OTU1851	0	1	0	2	0.852867873630136	0.001
OTU3168	1	0	0	1	0.688289643964377	0.001
OTU2822	0	0	1	3	0.802662116781533	0.001
OTU2216	1	0	0	1	0.684154846191623	0.001
OTU624	0	1	0	2	0.688248548331904	0.005
OTU925	1	0	0	1	0.803347334661857	0.001
OTU277	0	0	1	3	0.630365309975841	0.001
OTU1950	0	0	1	3	0.64479406670876	0.004
OTU897	0	1	0	2	0.771373990843867	0.001
OTU1041	1	0	0	1	0.689215986940261	0.001
OTU2066	1	0	0	1	0.788135032490482	0.001
OTU1662	0	1	0	2	0.660790791159796	0.001
OTU1812	0	1	0	2	0.508972242362824	0.001
OTU1907	0	0	1	3	0.747679555773118	0.001
OTU2277	1	0	0	1	0.549398168471741	0.001
OTU2253	1	0	0	1	0.346542615600808	0.001
OTU2098	1	0	0	1	0.714198536339965	0.001
OTU2349	1	0	0	1	0.846361172185271	0.001
OTU2086	1	0	0	1	0.588836073836214	0.001
OTU1534	1	0	0	1	0.309883792117907	0.005
OTU2049	1	0	0	1	0.845013964923334	0.001
OTU844	0	1	0	2	0.625097352599826	0.001
OTU2825	0	0	1	3	0.704664736746276	0.001
OTU828	1	0	0	1	0.215041332228188	0.009
OTU2530	1	0	0	1	0.673652944171222	0.001
OTU1833	1	0	0	1	0.777394334493683	0.001
OTU3157	1	0	0	1	0.329751329596684	0.002
OTU2088	0	1	0	2	0.632345493116551	0.002
OTU2307	1	0	0	1	0.727381899489042	0.001
OTU284	0	0	1	3	0.672801433289475	0.001
OTU3106	1	0	0	1	0.817554140867306	0.001
OTU1298	0	0	1	3	0.635408712525275	0.001
OTU2139	1	0	0	1	0.653457263636283	0.001
OTU2285	1	0	0	1	0.67062245844606	0.001
OTU2021	1	0	0	1	0.724809045514969	0.001
OTU2400	0	1	0	2	0.600619345065011	0.002
OTU629	1	0	0	1	0.519007635969364	0.001
OTU937	1	0	0	1	0.696669754799389	0.001
OTU2584	0	0	1	3	0.58544498328635	0.001
OTU1097	1	0	0	1	0.537395942462169	0.001
OTU966	1	0	0	1	0.809362885319262	0.001
OTU834	1	0	0	1	0.587782660211585	0.001
OTU3221	1	0	0	1	0.733322524197654	0.001
OTU1732	1	0	0	1	0.468302893982968	0.001
OTU2217	1	0	0	1	0.67871227801407	0.001
OTU2202	1	0	0	1	0.601661089598059	0.001
OTU1006	1	0	0	1	0.612934058575284	0.001
OTU1723	1	0	0	1	0.624839620129009	0.001
OTU417	0	1	0	2	0.661771033623213	0.001
OTU2254	1	0	0	1	0.781315560033281	0.001
OTU193	0	0	1	3	0.434078212466804	0.001
OTU2020	1	0	0	1	0.69812620984488	0.001
OTU2368	0	1	0	2	0.668819416576537	0.001
OTU2333	1	0	0	1	0.659588259447442	0.001
OTU1772	0	0	1	3	0.657266336020198	0.001
OTU2175	1	0	0	1	0.752984223540148	0.001
OTU1846	0	0	1	3	0.542709129570764	0.001
OTU1310	1	0	0	1	0.35975393654309	0.002
OTU3091	1	0	0	1	0.438083472047745	0.001
OTU2539	0	1	0	2	0.783611173978156	0.001
OTU2479	1	0	0	1	0.658722955026473	0.001
OTU3232	1	0	0	1	0.438836233141167	0.001
OTU2533	1	0	0	1	0.444763267722181	0.001
OTU677	0	1	0	2	0.537806814290679	0.001
OTU2015	1	0	0	1	0.473592776893344	0.001
OTU2165	1	0	0	1	0.758081627013828	0.001
OTU157	0	1	0	2	0.66890532141625	0.001
OTU1810	1	0	0	1	0.459259092815894	0.005
OTU1307	0	1	0	2	0.912667823234968	0.001
OTU2136	1	0	0	1	0.549495290149089	0.001
OTU2360	0	1	0	2	0.61735284234334	0.001
OTU2110	1	0	0	1	0.729888765350082	0.001
OTU2281	1	0	0	1	0.700854273759777	0.001
OTU1869	1	0	0	1	0.481985973527045	0.001
OTU2341	1	0	0	1	0.695850047112435	0.001
OTU2308	1	0	0	1	0.595447402814422	0.001
OTU298	0	0	1	3	0.554461960637476	0.002
OTU2633	1	0	0	1	0.879675743010028	0.001
OTU1483	0	1	0	2	0.385444706982885	0.001
OTU2352	1	0	0	1	0.539648361441132	0.001
OTU2082	1	0	0	1	0.672524402051544	0.001
OTU2187	1	0	0	1	0.57787712470366	0.001
OTU2007	1	0	0	1	0.483831257015901	0.001
OTU1850	0	1	0	2	0.454621419367373	0.002
OTU2265	1	0	0	1	0.652138762168346	0.001
OTU279	0	1	0	2	0.416373550701724	0.001
OTU1927	0	1	0	2	0.710895239844493	0.001
OTU2057	1	0	0	1	0.715734978099105	0.001
OTU2052	1	0	0	1	0.637564540445969	0.001
OTU1910	1	0	0	1	0.638187297443813	0.001
OTU2072	1	0	0	1	0.415471277565074	0.004
OTU2497	1	0	0	1	0.501521261852383	0.001
OTU1512	0	1	0	2	0.707704371942987	0.001
OTU2092	1	0	0	1	0.420099029828834	0.002
OTU1840	1	0	0	1	0.605221940434341	0.001
OTU2048	0	1	0	2	0.621513735630648	0.007
OTU312	0	1	0	2	0.550567454083843	0.001
OTU2191	1	0	0	1	0.526829331404424	0.001
OTU2243	1	0	0	1	0.56817003945584	0.001
OTU2064	1	0	0	1	0.618307449244803	0.001
OTU2161	0	1	0	2	0.498654869962518	0.001
OTU2213	1	0	0	1	0.561101894891141	0.001
OTU2108	1	0	0	1	0.593968246242732	0.001
OTU1832	0	1	0	2	0.622828953285737	0.001
OTU1915	0	0	1	3	0.336265148675011	0.004
OTU1694	0	0	1	3	0.600194540415432	0.001
OTU2223	1	0	0	1	0.582302995856764	0.001
OTU2556	0	1	0	2	0.377731106494301	0.001
OTU1985	1	0	0	1	0.529815409018101	0.001
OTU2044	0	1	0	2	0.551372840067429	0.001
OTU3233	1	0	0	1	0.460137402204226	0.001
OTU1707	1	0	0	1	0.464826332852553	0.003
OTU1942	0	0	1	3	0.739995891804282	0.001
OTU1782	0	1	0	2	0.69467763939207	0.001
OTU98	0	1	0	2	0.265321436564076	0.005
OTU2173	1	0	0	1	0.542256962546918	0.001
OTU2111	1	0	0	1	0.474270593375634	0.001
OTU1700	1	0	0	1	0.459313815785624	0.001
OTU941	0	0	1	3	0.956796490413306	0.001
OTU1965	0	0	1	3	0.979472335607271	0.001
OTU751	1	0	0	1	0.432697820870955	0.001
OTU3010	0	0	1	3	0.318699515780019	0.008
OTU805	1	0	0	1	0.715906690831704	0.001
OTU1180	0	0	1	3	0.744271736719072	0.001
OTU1757	0	0	1	3	0.730668484209224	0.001
OTU3351	0	0	1	3	0.557467712431906	0.001
OTU2005	0	0	1	3	0.947865983518187	0.001
OTU2227	0	1	0	2	0.615231603342358	0.001
OTU400	1	0	0	1	0.228085776380912	0.005
OTU1883	0	0	1	3	0.54405685280126	0.001
OTU1011	0	0	1	3	0.242605076689384	0.006
OTU2189	1	0	0	1	0.609400541640587	0.001
OTU2321	0	0	1	3	0.383356329096412	0.001
OTU1295	0	0	1	3	0.504482278206882	0.001
OTU1677	0	0	1	3	0.945039232028527	0.001
OTU434	0	1	0	2	0.347764321461137	0.007
OTU529	0	1	0	2	0.575612170826083	0.001
OTU740	0	1	0	2	0.596104531250998	0.001
OTU2004	0	0	1	3	0.935674119214989	0.001
OTU2238	0	0	1	3	0.876383498560008	0.001
OTU2091	0	1	0	2	0.432401724937461	0.001
OTU1335	0	0	1	3	0.39959971319076	0.007
OTU38	0	0	1	3	0.316769670429225	0.009
OTU2324	0	0	1	3	0.66119214544027	0.001
OTU1779	0	0	1	3	0.696604315342526	0.001
OTU1181	0	0	1	3	0.596080561409642	0.001
OTU2000	0	0	1	3	0.934323932683986	0.001
OTU3227	0	1	0	2	0.318930132719332	0.007
OTU350	0	1	0	2	0.316788241923209	0.005
OTU1633	1	0	0	1	0.342527056247584	0.001
OTU615	0	1	0	2	0.525820807115178	0.001
OTU2278	1	0	0	1	0.430177990908726	0.001
OTU1063	0	1	0	2	0.578473943398443	0.001
OTU3246	1	0	0	1	0.460202286042209	0.001
OTU2441	0	0	1	3	0.376919041774435	0.002
OTU1281	0	0	1	3	0.825053677595672	0.001
OTU1080	1	0	0	1	0.240423518417172	0.003
OTU775	0	1	0	2	0.354662115253106	0.003
OTU1320	0	1	0	2	0.336221404066786	0.008
OTU1139	0	1	0	2	0.854983071821271	0.001
OTU1245	0	1	0	2	0.385037589831291	0.001
OTU3364	0	0	1	3	0.498704828580458	0.001
OTU286	0	1	0	2	0.332359747556308	0.001
OTU1839	0	1	0	2	0.362076950118549	0.002
OTU545	0	0	1	3	0.44643868083311	0.002
OTU2474	0	0	1	3	0.529954541221132	0.001
OTU2025	0	1	0	2	0.597301369594474	0.001
OTU1474	0	0	1	3	0.437707666308307	0.001
OTU1693	0	0	1	3	0.911728271249747	0.001
OTU1510	0	0	1	3	0.562957405654648	0.001
OTU2415	1	0	0	1	0.372032858868661	0.009
OTU276	0	0	1	3	0.407698901565513	0.002
OTU2059	1	0	0	1	0.348285932609275	0.004
OTU353	0	1	0	2	0.523535204363719	0.001
OTU1824	1	0	0	1	0.341613459131447	0.003
OTU3035	0	0	1	3	0.36764619171333	0.002
OTU1684	0	1	0	2	0.329080855873842	0.001
OTU1379	0	1	0	2	0.912458079992157	0.001
OTU398	0	0	1	3	0.34035275596465	0.001
OTU2366	0	1	0	2	0.362947982246443	0.001
OTU2436	0	1	0	2	0.556059838446666	0.001
OTU2200	0	1	0	2	0.616765597080813	0.001
OTU1766	0	1	0	2	0.464247477080337	0.001
OTU1401	0	1	0	2	0.44367022917982	0.001
OTU357	0	1	0	2	0.318485401306619	0.002
OTU1252	0	1	0	2	0.601517628408252	0.001
OTU1301	0	1	0	2	0.46932108914225	0.001
OTU2314	0	1	0	2	0.393001357838757	0.001
OTU1268	0	1	0	2	0.421605770090005	0.001
OTU882	1	0	0	1	0.430412575784963	0.002
OTU1442	0	1	0	2	0.692193342406993	0.001
OTU962	1	0	0	1	0.410827193340301	0.001
OTU1604	0	0	1	3	0.229492136707435	0.001
OTU884	1	0	0	1	0.496347525036	0.001
OTU1382	0	1	0	2	0.555693559332588	0.001
OTU1279	0	1	0	2	0.448044566329969	0.001
OTU3177	1	0	0	1	0.434685490379953	0.001
OTU1394	0	1	0	2	0.557483316931088	0.001
OTU1208	0	1	0	2	0.647475421386616	0.001
OTU1230	0	1	0	2	0.748336816074628	0.001
OTU3149	0	0	1	3	0.32622818884153	0.001
OTU1344	0	1	0	2	0.717870545356758	0.001
OTU440	0	1	0	2	0.481393498908894	0.001
OTU1889	0	1	0	2	0.456889014729379	0.001
OTU1585	0	1	0	2	0.282118820787618	0.003
OTU435	0	1	0	2	0.338671810529237	0.001
OTU1165	0	1	0	2	0.339013954020866	0.001
OTU1553	0	1	0	2	0.346338084877992	0.001
OTU1922	0	0	1	3	0.407452885872156	0.002
OTU512	0	1	0	2	0.429715440975842	0.001
OTU1951	0	0	1	3	0.418875383475375	0.001
OTU1040	0	0	1	3	0.337772768210831	0.001
OTU3114	0	0	1	3	0.481323844203943	0.001
OTU2166	1	0	0	1	0.419125683178239	0.001
OTU2123	0	1	0	2	0.576083111268573	0.001
OTU2051	0	1	0	2	0.437405511121204	0.001
OTU1980	0	1	0	2	0.358614187140435	0.001
OTU1216	0	1	0	2	0.594861015896627	0.001
OTU411	0	1	0	2	0.272357910647361	0.003
OTU1458	0	1	0	2	0.250908011694505	0.005
OTU1319	0	1	0	2	0.554485254548099	0.001
OTU3151	1	0	0	1	0.284472943337903	0.001
OTU1724	0	1	0	2	0.442888256586313	0.001
OTU1640	0	0	1	3	0.641619713758586	0.001
OTU2984	1	0	0	1	0.215041332228188	0.007
OTU1328	0	1	0	2	0.422147476217417	0.001
OTU1451	0	1	0	2	0.384539656794426	0.001
OTU309	0	1	0	2	0.309116198586314	0.001
OTU517	0	1	0	2	0.271141308615438	0.005
OTU3292	0	0	1	3	0.307021383100013	0.001
OTU1355	0	1	0	2	0.366746402813454	0.001
OTU829	1	0	0	1	0.25215831342413	0.002
OTU1386	0	1	0	2	0.410450029436783	0.001
OTU1437	0	1	0	2	0.314345770840652	0.001
OTU1552	0	1	0	2	0.343001234138422	0.001
OTU110	0	1	0	2	0.425764904267491	0.001
OTU1609	0	0	1	3	0.335698621831497	0.001
OTU1207	0	1	0	2	0.349595756806014	0.003
OTU3152	0	0	1	3	0.310726602558787	0.004
OTU955	0	0	1	3	0.258721457683271	0.001
OTU2527	0	0	1	3	0.37577673626181	0.001
OTU2496	0	0	1	3	0.253406909416626	0.004
OTU1274	0	1	0	2	0.357354151005761	0.001
OTU1932	0	1	0	2	0.350438322025231	0.001
OTU1827	0	0	1	3	0.375543858309477	0.001
OTU1369	0	1	0	2	0.450829108750178	0.001
OTU243	0	1	0	2	0.295600655724744	0.002
OTU1608	0	0	1	3	0.305651861737529	0.003
OTU1243	0	1	0	2	0.505936218361494	0.001
OTU163	0	1	0	2	0.243858771468522	0.008
OTU2758	0	0	1	3	0.277047145740959	0.004
OTU3357	0	0	1	3	0.295641452885727	0.003
OTU2645	0	1	0	2	0.235153675507485	0.006
OTU2786	0	1	0	2	0.264906471413009	0.002
OTU727	0	0	1	3	0.599498200191933	0.001
OTU1436	0	1	0	2	0.296429651713527	0.002
OTU113	0	1	0	2	0.305887645160749	0.001
OTU1418	0	1	0	2	0.373383691244956	0.001
OTU1439	0	0	1	3	0.419009881784049	0.001
OTU776	0	1	0	2	0.241825416703337	0.001
OTU44	0	0	1	3	0.317989945287241	0.001
OTU1427	0	1	0	2	0.53897411850964	0.001
OTU1314	0	1	0	2	0.253628636750894	0.001
OTU111	0	1	0	2	0.554848135228551	0.001
OTU1689	0	0	1	3	0.78726749664588	0.001
OTU2700	0	0	1	3	0.241323242252597	0.003
OTU1378	0	1	0	2	0.315301767642306	0.001
OTU1457	0	0	1	3	0.215122668847889	0.005
OTU3254	0	1	0	2	0.389931767910401	0.001
OTU477	0	0	1	3	0.716959914097032	0.001
OTU3007	0	1	0	2	0.286131691759651	0.001
OTU1709	0	1	0	2	0.21629522817435	0.005
OTU1341	0	1	0	2	0.366746402813454	0.001
OTU1284	0	1	0	2	0.324442842261525	0.001
OTU1444	0	1	0	2	0.305887645160749	0.001
OTU441	0	1	0	2	0.229415733870562	0.001
OTU218	0	1	0	2	0.229415733870562	0.006
OTU1575	0	0	1	3	0.190117275157343	0.009
OTU3028	0	1	0	2	0.222765712298448	0.005
OTU2701	0	0	1	3	0.189326723708655	0.005
OTU2734	0	0	1	3	0.290408934775758	0.001
